%  columns="iteration, evaluation, sigma, axis ratio, bestever, best, median, worst fitness function value, further objective values of best" (startseed=211956, 2017/01/30 14:22:35.58)
1 15 1.443025e-01 1.045729e+00  3.858564285380954600e+01  3.858564285380954600e+01  4.388731718626266300e+01  5.018977180480337100e+01
2 29 1.430170e-01 1.066765e+00  3.530421995944833900e+01  3.530421995944833900e+01  3.810706909456661200e+01  4.437260333102277300e+01
3 43 1.454698e-01 1.092159e+00  3.299572431700721600e+01  3.299572431700721600e+01  3.565129414638460000e+01  4.244205451967213300e+01
4 57 1.518813e-01 1.117267e+00  3.027106581290642500e+01  3.027106581290642500e+01  3.371957274169196200e+01  4.004145015043874900e+01
5 71 1.592711e-01 1.140344e+00  2.869178623208008400e+01  2.869178623208008400e+01  3.328209667284384900e+01  3.894100005962363300e+01
6 85 1.718606e-01 1.162221e+00  2.647956417069711000e+01  2.647956417069711000e+01  3.100244255122574400e+01  3.952854815962299300e+01
7 99 1.829246e-01 1.179166e+00  2.636310563877377100e+01  2.636310563877377100e+01  2.965747541089237800e+01  3.538263757792240900e+01
8 113 1.913485e-01 1.194066e+00  2.296120819021962600e+01  2.296120819021962600e+01  2.820921522728194100e+01  3.489959051388690600e+01
9 127 2.027024e-01 1.219000e+00  1.665200122004848300e+01  1.665200122004848300e+01  2.533772218433217900e+01  3.108180219645945600e+01
10 141 2.165041e-01 1.239114e+00  1.415260516299986500e+01  1.415260516299986500e+01  1.883701864564022100e+01  2.766123639398624300e+01
11 155 2.342386e-01 1.255432e+00  9.366178913961491000e+00  9.366178913961491000e+00  1.708802902509587800e+01  2.106499027429411800e+01
12 169 2.452911e-01 1.267890e+00  7.383838422258277100e+00  7.383838422258277100e+00  1.502645602558900100e+01  2.554987976116309100e+01
13 183 2.553668e-01 1.280695e+00  7.383838422258277100e+00  9.729501300249001600e+00  1.801152077380688600e+01  2.825639202230668800e+01
14 197 2.635352e-01 1.289537e+00  7.383838422258277100e+00  1.209383989856808000e+01  1.734641717858929900e+01  2.536498399289758200e+01
15 211 2.663611e-01 1.298010e+00  7.383838422258277100e+00  8.271493707297811000e+00  1.368140396884620100e+01  2.708773209347902600e+01
16 225 2.691175e-01 1.305807e+00  7.383838422258277100e+00  9.149697626803444500e+00  1.778665608310220500e+01  2.957284522582626400e+01
17 239 2.744940e-01 1.311346e+00  7.383838422258277100e+00  9.042431061931949900e+00  1.535191670927525800e+01  2.426979609608421700e+01
18 253 2.762365e-01 1.316174e+00  5.503245103019046300e+00  5.503245103019046300e+00  1.516519221454595200e+01  2.753615420250477200e+01
19 267 2.762069e-01 1.323755e+00  5.503245103019046300e+00  6.893768296262390300e+00  1.655532558052619400e+01  2.315571792982951000e+01
20 281 2.812977e-01 1.330520e+00  5.503245103019046300e+00  7.037288492349680300e+00  1.623863594459923100e+01  2.813406091188540600e+01
21 295 2.860196e-01 1.335653e+00  5.503245103019046300e+00  8.175034945065220900e+00  1.399536157469483300e+01  2.569062700925941900e+01
22 309 2.897466e-01 1.338770e+00  5.503245103019046300e+00  8.953395864079956500e+00  1.445048236061926500e+01  2.658834063437680900e+01
23 323 2.933088e-01 1.343715e+00  5.503245103019046300e+00  9.147798690185327400e+00  1.457106127253859600e+01  2.394073253058608200e+01
24 337 2.941059e-01 1.347900e+00  5.503245103019046300e+00  8.014310585401474900e+00  1.463945366093907600e+01  1.963586123790949100e+01
25 351 2.977702e-01 1.354939e+00  5.503245103019046300e+00  8.397272984313341100e+00  1.408900719163431200e+01  2.115246737132502400e+01
26 365 3.023997e-01 1.358316e+00  5.503245103019046300e+00  1.015744703111664500e+01  1.788118475056849400e+01  2.994451517653652700e+01
27 379 3.023986e-01 1.369904e+00  5.503245103019046300e+00  8.348163136568397000e+00  1.597602035216378400e+01  2.447235913959632100e+01
28 393 3.053829e-01 1.389295e+00  5.503245103019046300e+00  8.059482109426523900e+00  1.327657197724307300e+01  2.219461724751280900e+01
29 407 3.066077e-01 1.407285e+00  5.503245103019046300e+00  9.497977269741838300e+00  1.511335167776810800e+01  2.440418844061555200e+01
30 421 3.102234e-01 1.431415e+00  5.503245103019046300e+00  7.962179743346254700e+00  1.266124712798360900e+01  1.676448940778468000e+01
31 435 3.122917e-01 1.443900e+00  5.503245103019046300e+00  9.272349725723197300e+00  1.188294292721693600e+01  2.123965831844976300e+01
32 449 3.211448e-01 1.458109e+00  5.503245103019046300e+00  8.840499884020166700e+00  1.376883565430077100e+01  2.205998326920737500e+01
33 463 3.269528e-01 1.466164e+00  5.503245103019046300e+00  9.221969994657147400e+00  1.667684429827158600e+01  2.594461852147948400e+01
34 477 3.315337e-01 1.478992e+00  5.503245103019046300e+00  9.650182091691645400e+00  1.565449809008822900e+01  2.599916506331409100e+01
35 491 3.315554e-01 1.489258e+00  5.503245103019046300e+00  7.544357852139439700e+00  1.292091703017545300e+01  2.290858531777478300e+01
36 505 3.306910e-01 1.499984e+00  5.503245103019046300e+00  8.007987561233745700e+00  1.312766399453761300e+01  2.194537566012728300e+01
37 519 3.324542e-01 1.515382e+00  5.503245103019046300e+00  6.425118267748595200e+00  1.672414753391369400e+01  2.578529523715608500e+01
38 533 3.392906e-01 1.535880e+00  5.503245103019046300e+00  9.184329052067600000e+00  1.437841512474491500e+01  2.011290392728757200e+01
39 547 3.452300e-01 1.547591e+00  5.503245103019046300e+00  8.567862410223050100e+00  1.480183164511407800e+01  2.761597063564735400e+01
40 561 3.561087e-01 1.560247e+00  5.503245103019046300e+00  7.191473565717895000e+00  1.607050086358719600e+01  2.742365636746351900e+01
41 575 3.579690e-01 1.572788e+00  5.503245103019046300e+00  8.669923678926441100e+00  1.662093448068229400e+01  2.894764125934719300e+01
42 589 3.553384e-01 1.583535e+00  5.503245103019046300e+00  1.043741797383978000e+01  1.534851786567669200e+01  2.590113355893239000e+01
43 603 3.570109e-01 1.587779e+00  5.503245103019046300e+00  6.087083573204283800e+00  1.385546636281815900e+01  2.749627542324914800e+01
44 617 3.530977e-01 1.596227e+00  5.503245103019046300e+00  6.321552228097727900e+00  1.320755375089113100e+01  1.752852196165726500e+01
45 631 3.544689e-01 1.601538e+00  5.464849767811884400e+00  5.464849767811884400e+00  1.391251564708163000e+01  2.597263443103807000e+01
46 645 3.540433e-01 1.610643e+00  5.464849767811884400e+00  9.140097702351763300e+00  1.696311639067217000e+01  2.334016071738896500e+01
47 659 3.611288e-01 1.626798e+00  5.464849767811884400e+00  1.016336051554991500e+01  1.619225990094303900e+01  1.988753411518176900e+01
48 673 3.643379e-01 1.636889e+00  5.464849767811884400e+00  5.769089560535510600e+00  1.489669088503153400e+01  2.463418556566010400e+01
49 687 3.597779e-01 1.643612e+00  5.464849767811884400e+00  8.272515621496058500e+00  1.265264384870470600e+01  2.029909363737393200e+01
50 701 3.550312e-01 1.649989e+00  5.464849767811884400e+00  8.098473221551600400e+00  1.323192409854477300e+01  2.054877275772156500e+01
51 715 3.505305e-01 1.668326e+00  5.464849767811884400e+00  1.056874021717875100e+01  1.413539569064085700e+01  2.505830628678340900e+01
52 729 3.453907e-01 1.677160e+00  5.464849767811884400e+00  7.477125607664346400e+00  1.351629080407193100e+01  2.438806630788058900e+01
53 743 3.398797e-01 1.699962e+00  5.464849767811884400e+00  8.223938913202342600e+00  1.332935737828545100e+01  1.792398619658222400e+01
54 757 3.262193e-01 1.706482e+00  5.280491861295020700e+00  5.280491861295020700e+00  1.248478485623729900e+01  1.543719506191648300e+01
55 771 3.140170e-01 1.709258e+00  5.280491861295020700e+00  7.070909777703352700e+00  1.126011521342413100e+01  2.232019704494077300e+01
56 785 3.006427e-01 1.723986e+00  5.280491861295020700e+00  7.793841196864653000e+00  1.422229659585124400e+01  1.908137761079443700e+01
57 799 2.895227e-01 1.730598e+00  5.280491861295020700e+00  8.292151995975558500e+00  1.380562233887723200e+01  1.754057704119900100e+01
58 813 2.876662e-01 1.749162e+00  5.280491861295020700e+00  6.574988459913879700e+00  1.054088637647448200e+01  1.355533927316509100e+01
59 827 2.786511e-01 1.751818e+00  5.280491861295020700e+00  6.085447750357546100e+00  1.218848883184827000e+01  1.971499179939630900e+01
60 841 2.684725e-01 1.752840e+00  5.280491861295020700e+00  6.774076986135700200e+00  1.401881414493927400e+01  2.137885378450090100e+01
61 855 2.627047e-01 1.753705e+00  5.280491861295020700e+00  6.840489394420160400e+00  1.123597959409792000e+01  1.527022111676283700e+01
62 869 2.596343e-01 1.757557e+00  4.454225043239784300e+00  4.454225043239784300e+00  9.835386414072917900e+00  1.577198646166163300e+01
63 883 2.527464e-01 1.760466e+00  4.454225043239784300e+00  7.610733788945794700e+00  1.035260712012504300e+01  1.512590407287093300e+01
64 897 2.447648e-01 1.764680e+00  4.454225043239784300e+00  5.381033602324343700e+00  1.038179530278625900e+01  1.477510288052633300e+01
65 911 2.463008e-01 1.766500e+00  4.454225043239784300e+00  7.475905244355789000e+00  1.120658901722229900e+01  1.394120262066100000e+01
66 925 2.407738e-01 1.772975e+00  4.454225043239784300e+00  6.391088114271925100e+00  1.129708102072637400e+01  1.426664711327311600e+01
67 939 2.318951e-01 1.773351e+00  3.762989476169868600e+00  3.762989476169868600e+00  1.055444896346938700e+01  1.830950518177789400e+01
68 953 2.217211e-01 1.771306e+00  3.762989476169868600e+00  4.318034774341828800e+00  8.512866080417222000e+00  1.340445006378514000e+01
69 967 2.158766e-01 1.772594e+00  3.762989476169868600e+00  6.047405421329848700e+00  1.116989830286143000e+01  1.646269412566976300e+01
70 981 2.071377e-01 1.775892e+00  3.762989476169868600e+00  5.532521380835937000e+00  9.545750821172378100e+00  1.655745036628209700e+01
71 995 1.991933e-01 1.778473e+00  3.762989476169868600e+00  5.930913555028963600e+00  9.961412520655100500e+00  1.500097875249557000e+01
72 1009 1.896790e-01 1.779702e+00  3.762989476169868600e+00  6.497577362566960200e+00  9.420621546224699800e+00  1.712898461559882400e+01
73 1023 1.844198e-01 1.780169e+00  3.762989476169868600e+00  6.385315746179893300e+00  9.180843282534120000e+00  1.085576318102457400e+01
74 1037 1.796042e-01 1.779599e+00  3.762989476169868600e+00  4.080463560846603800e+00  9.991162850893511300e+00  1.347480225001031000e+01
75 1051 1.736806e-01 1.778728e+00  3.762989476169868600e+00  4.922093673979186500e+00  8.099492304930127100e+00  1.177268132253011500e+01
76 1065 1.682642e-01 1.781345e+00  3.762989476169868600e+00  5.436335923967118500e+00  8.564063568284368000e+00  1.121409693930042600e+01
77 1079 1.620892e-01 1.787248e+00  3.762989476169868600e+00  4.476350331847073400e+00  6.654393451355833400e+00  2.048523462603596500e+01
78 1093 1.549160e-01 1.780867e+00  3.762989476169868600e+00  4.408183550167870600e+00  7.986663408515165800e+00  1.407205258449937600e+01
79 1107 1.481911e-01 1.786208e+00  3.762989476169868600e+00  4.778356795684773700e+00  8.563751084408451700e+00  1.311505643218323400e+01
80 1121 1.453500e-01 1.787497e+00  3.762989476169868600e+00  5.557633583204414600e+00  8.226709761583730800e+00  1.369504544400466800e+01
81 1135 1.405747e-01 1.789670e+00  3.762989476169868600e+00  4.513961934182307600e+00  6.693727800570953500e+00  1.259522817597033800e+01
82 1149 1.377909e-01 1.789269e+00  3.762989476169868600e+00  4.397417421106139200e+00  6.950729522740558300e+00  1.044990359967143300e+01
83 1163 1.367934e-01 1.795975e+00  3.762989476169868600e+00  4.604011969145421500e+00  7.198952282807907100e+00  1.206129675458019300e+01
84 1177 1.368222e-01 1.796577e+00  3.762989476169868600e+00  4.368020279109607000e+00  6.558351213765044800e+00  7.745630688006091400e+00
85 1191 1.347700e-01 1.795878e+00  3.506542091247892800e+00  3.506542091247892800e+00  7.820401149341503100e+00  1.197401839634696900e+01
86 1205 1.347311e-01 1.796778e+00  3.506542091247892800e+00  4.543386030380949200e+00  7.349769457039510500e+00  8.724523369312441500e+00
87 1219 1.301048e-01 1.807920e+00  3.506542091247892800e+00  4.406834977469626900e+00  5.740282433832965700e+00  1.152235375761878400e+01
88 1233 1.231222e-01 1.807360e+00  3.506542091247892800e+00  4.019291785254147000e+00  5.840656901158942200e+00  1.006303473345200300e+01
89 1247 1.175866e-01 1.810229e+00  3.506542091247892800e+00  4.171766031836845900e+00  6.908320489603757300e+00  1.057885075446837000e+01
90 1261 1.141459e-01 1.817660e+00  3.506542091247892800e+00  3.729197480978546900e+00  5.232729606713505200e+00  8.208830544648096300e+00
91 1275 1.092515e-01 1.820805e+00  3.506542091247892800e+00  3.766054134624215800e+00  6.543679394442993800e+00  1.045629333538443700e+01
92 1289 1.066591e-01 1.822584e+00  3.506542091247892800e+00  3.822410791230304900e+00  4.906097228141695700e+00  7.446615635014800300e+00
93 1303 1.020210e-01 1.824565e+00  3.506542091247892800e+00  4.060787843548572700e+00  5.447324166706065900e+00  8.970092891835797400e+00
94 1317 9.922678e-02 1.820004e+00  3.506542091247892800e+00  4.062296268608284000e+00  5.741258791098418100e+00  7.724941660815249000e+00
95 1331 9.851234e-02 1.815614e+00  3.506542091247892800e+00  4.342839545895273500e+00  6.480191761547896300e+00  1.006800733994184900e+01
96 1345 9.802992e-02 1.812445e+00  3.350420840700443200e+00  3.350420840700443200e+00  5.056081023380194500e+00  8.311877555538890400e+00
97 1359 9.892201e-02 1.810650e+00  3.161636344563142600e+00  3.161636344563142600e+00  4.551031872553995300e+00  8.008601443809126900e+00
98 1373 9.998596e-02 1.809188e+00  3.161636344563142600e+00  3.770395386016787100e+00  5.652357887945825600e+00  1.088606248330710200e+01
99 1387 9.955680e-02 1.810583e+00  3.161636344563142600e+00  3.685996765874189200e+00  5.173990589127054600e+00  8.014602751810031100e+00
100 1401 9.890310e-02 1.812768e+00  3.161636344563142600e+00  3.555099232277759900e+00  5.344753944866243800e+00  8.762830396931010000e+00
101 1415 9.953627e-02 1.817245e+00  3.161636344563142600e+00  3.282717235565603400e+00  5.141370652837334600e+00  8.930728728026309700e+00
102 1429 1.003042e-01 1.821513e+00  3.161636344563142600e+00  3.803686082131200400e+00  5.095437043521069900e+00  7.198648066666252500e+00
103 1443 9.897498e-02 1.827241e+00  3.161636344563142600e+00  3.223145988135828900e+00  5.398850712289797300e+00  7.327851588757777500e+00
104 1457 9.707820e-02 1.829993e+00  3.161636344563142600e+00  3.323812718289277600e+00  5.007735762869076600e+00  7.215245415805601900e+00
105 1471 9.564189e-02 1.831561e+00  3.161636344563142600e+00  3.255591449833587200e+00  5.226146101173450900e+00  8.629356740140393000e+00
106 1485 9.453471e-02 1.833735e+00  3.161636344563142600e+00  3.584172192024958300e+00  4.238511198182455300e+00  5.891882998096726000e+00
107 1499 9.332252e-02 1.832298e+00  3.161636344563142600e+00  3.915281335615784700e+00  4.858632660369115900e+00  7.158677029442564800e+00
108 1513 9.268947e-02 1.838298e+00  3.161636344563142600e+00  3.947972847226123100e+00  5.354707548501727000e+00  6.714515902222165900e+00
109 1527 9.435261e-02 1.836911e+00  3.161636344563142600e+00  3.308041613925169600e+00  5.553347042602929700e+00  1.073721155158932900e+01
110 1541 9.511615e-02 1.840442e+00  3.161636344563142600e+00  3.486712176947053300e+00  5.213760715470294300e+00  6.483309907113217600e+00
111 1555 9.488967e-02 1.845203e+00  3.161636344563142600e+00  3.722340255620440400e+00  5.230924821487303000e+00  8.265637008858831800e+00
112 1569 9.504581e-02 1.850052e+00  3.161636344563142600e+00  4.557500043701241000e+00  5.963735752977675600e+00  8.256670647262009100e+00
113 1583 9.525502e-02 1.858625e+00  3.161636344563142600e+00  4.216448347633336100e+00  5.547715953242137800e+00  8.499287835744944200e+00
114 1597 9.518760e-02 1.870046e+00  3.161636344563142600e+00  3.759486796705678200e+00  5.686942911312219600e+00  9.009548898164238700e+00
115 1611 9.456951e-02 1.870825e+00  3.161636344563142600e+00  3.188648705117895300e+00  5.817073334596177100e+00  9.186373096696662800e+00
116 1625 9.415158e-02 1.874270e+00  3.161636344563142600e+00  3.871402643044504500e+00  5.734102082824168000e+00  8.918932719412938000e+00
117 1639 9.309705e-02 1.876566e+00  3.161636344563142600e+00  3.707494907258675800e+00  5.738732487604792700e+00  8.024003368273495700e+00
118 1653 9.139075e-02 1.881600e+00  3.161636344563142600e+00  3.493977499450394900e+00  5.837209219118452800e+00  9.401519737561679700e+00
119 1667 9.102473e-02 1.883041e+00  3.161636344563142600e+00  3.558560869887422500e+00  5.398669890309816900e+00  7.081235335959712900e+00
120 1681 9.229588e-02 1.883960e+00  3.088045805275505100e+00  3.088045805275505100e+00  4.550546626283729500e+00  8.634929215987394700e+00
121 1695 9.454415e-02 1.885036e+00  3.088045805275505100e+00  3.303768861298024300e+00  4.799729715810475900e+00  7.023090979991559700e+00
122 1709 9.424541e-02 1.891233e+00  3.088045805275505100e+00  3.900484688609968700e+00  5.669709229487809300e+00  8.368390963150432100e+00
123 1723 9.532727e-02 1.892889e+00  3.088045805275505100e+00  3.486658852728195900e+00  5.935942876926592500e+00  8.897245778824782300e+00
124 1737 9.579901e-02 1.894362e+00  3.088045805275505100e+00  4.466737231948068000e+00  5.310557644788737300e+00  7.425898016307147700e+00
125 1751 9.644015e-02 1.901184e+00  3.088045805275505100e+00  3.316578999799845800e+00  5.429809802051252600e+00  1.071723980550408600e+01
126 1765 9.549203e-02 1.902200e+00  3.088045805275505100e+00  3.258564809515479300e+00  5.510553731669683800e+00  6.959071034131884700e+00
127 1779 9.303882e-02 1.900579e+00  3.088045805275505100e+00  3.321583545020788900e+00  5.271797448155019200e+00  9.297794726996720300e+00
128 1793 9.184753e-02 1.903706e+00  3.088045805275505100e+00  3.401783932655376900e+00  5.430530054676924400e+00  9.255508683361119500e+00
129 1807 9.134317e-02 1.905040e+00  2.955893144949064000e+00  2.955893144949064000e+00  5.497922750303342100e+00  8.396417257925891800e+00
130 1821 9.072842e-02 1.913282e+00  2.955893144949064000e+00  3.611423201248749000e+00  4.960738658509871600e+00  6.700055880859990200e+00
131 1835 8.954065e-02 1.915149e+00  2.849020359966143900e+00  2.849020359966143900e+00  4.734581930961514500e+00  7.048583437150233200e+00
132 1849 8.847081e-02 1.915138e+00  2.849020359966143900e+00  3.259769388247666800e+00  4.474667637748424900e+00  5.460559310782397100e+00
133 1863 8.757362e-02 1.914077e+00  2.849020359966143900e+00  3.096025152717286800e+00  5.033577306115499400e+00  8.994470573082509200e+00
134 1877 8.553819e-02 1.914418e+00  2.849020359966143900e+00  3.186736114176488500e+00  4.664240814920016300e+00  6.566809048798747400e+00
135 1891 8.174315e-02 1.915846e+00  2.821938906642671400e+00  2.821938906642671400e+00  5.233159602570698800e+00  8.156643919926240800e+00
136 1905 7.821316e-02 1.916567e+00  2.821938906642671400e+00  3.466669610691730500e+00  4.246278814780230200e+00  6.910234266905401800e+00
137 1919 7.492568e-02 1.917238e+00  2.821938906642671400e+00  3.038645258967172400e+00  4.637513786373341800e+00  6.992666663694908600e+00
138 1933 7.234587e-02 1.918791e+00  2.564726945898864000e+00  2.564726945898864000e+00  4.339718778419182900e+00  5.595013243041774900e+00
139 1947 6.982983e-02 1.919374e+00  2.192484650363673500e+00  2.192484650363673500e+00  4.398650409864712800e+00  6.075067616205409100e+00
140 1961 6.875409e-02 1.920906e+00  2.192484650363673500e+00  2.587019197372643300e+00  3.707725240579349300e+00  7.259506634383919600e+00
141 1975 6.734926e-02 1.924545e+00  2.192484650363673500e+00  3.179703735414433300e+00  4.161784870324728700e+00  6.253254862988918600e+00
142 1989 6.554028e-02 1.932647e+00  2.026096809207461400e+00  2.026096809207461400e+00  3.457407353859147200e+00  5.795109056567919300e+00
143 2003 6.341276e-02 1.938746e+00  2.026096809207461400e+00  2.449009001838635200e+00  3.553933597960467600e+00  5.549506012081629100e+00
144 2017 6.147185e-02 1.939965e+00  2.026096809207461400e+00  2.726260152992144600e+00  3.828860065162626600e+00  5.501650382600886700e+00
145 2031 6.123647e-02 1.938533e+00  2.026096809207461400e+00  2.551084160438418500e+00  3.732674981594619200e+00  5.054174249316203000e+00
146 2045 6.146152e-02 1.936598e+00  2.026096809207461400e+00  2.700055935273165000e+00  3.787822430639229400e+00  5.959344510650994100e+00
147 2059 6.245998e-02 1.942096e+00  2.026096809207461400e+00  2.431179664991138800e+00  3.719962795433257700e+00  5.563044739683455500e+00
148 2073 6.184527e-02 1.946817e+00  2.026096809207461400e+00  3.189557945121134900e+00  3.879500556838406200e+00  5.352780774674752000e+00
149 2087 6.221294e-02 1.946995e+00  2.026096809207461400e+00  2.681480385874843700e+00  4.064944057749878300e+00  6.252404977150017200e+00
150 2101 6.207426e-02 1.960060e+00  2.026096809207461400e+00  2.985082316230801300e+00  3.671506278785008300e+00  5.234515713799925000e+00
151 2115 6.063791e-02 1.965456e+00  2.026096809207461400e+00  2.527329328600759900e+00  3.758125774714780900e+00  6.067344940669176600e+00
152 2129 5.988609e-02 1.966559e+00  2.026096809207461400e+00  2.264991497361063200e+00  3.889762785378718200e+00  6.274079839880006800e+00
153 2143 5.986918e-02 1.985477e+00  2.026096809207461400e+00  2.902689458593501000e+00  3.804089819517988400e+00  5.078865990400778700e+00
154 2157 5.994826e-02 1.997288e+00  2.026096809207461400e+00  2.258804035049375400e+00  3.298998326969145200e+00  4.977848044736216300e+00
155 2171 5.988267e-02 2.007233e+00  2.026096809207461400e+00  2.719256205693461000e+00  3.346023496865870900e+00  5.569997592972908900e+00
156 2185 5.806929e-02 2.012180e+00  2.026096809207461400e+00  3.030105973034157100e+00  3.617723903844824600e+00  5.141345639557696900e+00
157 2199 5.643941e-02 2.023242e+00  2.026096809207461400e+00  2.806499559763594700e+00  3.404544455387104000e+00  5.135115745018847400e+00
158 2213 5.558400e-02 2.030779e+00  2.026096809207461400e+00  2.536353876733215000e+00  3.265960982650056200e+00  6.064351765784429000e+00
159 2227 5.400331e-02 2.033537e+00  2.026096809207461400e+00  2.822685550844822500e+00  3.580181364997899100e+00  4.468941075336444700e+00
160 2241 5.310120e-02 2.044355e+00  2.026096809207461400e+00  2.200100293887235800e+00  3.289034449669726400e+00  4.940944973900926100e+00
161 2255 5.312074e-02 2.046412e+00  2.026096809207461400e+00  2.485091981239325100e+00  3.243821475470511500e+00  4.659232650166762500e+00
162 2269 5.248033e-02 2.045689e+00  2.026096809207461400e+00  2.503937035827749300e+00  3.585815796550680700e+00  5.397317191562897200e+00
163 2283 5.092996e-02 2.048913e+00  2.026096809207461400e+00  2.431252886503730600e+00  3.415024978699862300e+00  4.680094992733009100e+00
164 2297 4.948833e-02 2.050551e+00  2.026096809207461400e+00  3.026987455599715400e+00  3.606559622485432800e+00  4.785242453841077800e+00
165 2311 4.941910e-02 2.058433e+00  2.026096809207461400e+00  2.547593327841510800e+00  3.600415753535282500e+00  4.950828944285743400e+00
166 2325 5.072646e-02 2.059677e+00  2.026096809207461400e+00  2.424073499450191300e+00  3.463923117978227900e+00  5.319306302331245500e+00
167 2339 5.170701e-02 2.066688e+00  2.026096809207461400e+00  2.541492946809710500e+00  3.589450616085311900e+00  4.418523574730552500e+00
168 2353 5.199373e-02 2.069850e+00  2.026096809207461400e+00  2.631533732652168800e+00  3.295681049864282600e+00  5.748890898060674100e+00
169 2367 5.276038e-02 2.079702e+00  2.026096809207461400e+00  2.681931384889880900e+00  3.545275605353019900e+00  5.300703236899218900e+00
170 2381 5.328242e-02 2.084777e+00  2.026096809207461400e+00  2.192955717979904400e+00  3.158632819936036300e+00  5.197924715503059900e+00
171 2395 5.361392e-02 2.091504e+00  2.026096809207461400e+00  2.616494125868202000e+00  2.993264189263936900e+00  3.851567435450435500e+00
172 2409 5.307122e-02 2.095582e+00  2.016199778118866500e+00  2.016199778118866500e+00  4.071519551956055400e+00  5.265463806208640700e+00
173 2423 5.349909e-02 2.096887e+00  2.016199778118866500e+00  2.445459174250691700e+00  3.093185331968078000e+00  4.450004069446571000e+00
174 2437 5.282184e-02 2.100235e+00  2.016199778118866500e+00  2.714924455895218400e+00  3.656914229059935500e+00  4.963665760688927600e+00
175 2451 5.172260e-02 2.104575e+00  2.016199778118866500e+00  2.253079497682978000e+00  3.077574389028941800e+00  5.529062709325417700e+00
176 2465 5.040319e-02 2.106256e+00  2.016199778118866500e+00  2.550608349547046800e+00  3.704806962485915500e+00  5.121216538725864400e+00
177 2479 4.843455e-02 2.109377e+00  2.016199778118866500e+00  2.385578498486620600e+00  3.023747974365796200e+00  5.277277407602443100e+00
178 2493 4.752539e-02 2.119103e+00  2.016199778118866500e+00  2.575859792646592700e+00  3.113935059408303700e+00  5.865649683905696000e+00
179 2507 4.750491e-02 2.130948e+00  2.016199778118866500e+00  2.082230727514245300e+00  3.333126918625762200e+00  6.313792515833596600e+00
180 2521 4.826183e-02 2.148489e+00  2.016199778118866500e+00  2.410555184726168100e+00  3.200253121052801600e+00  4.199590977244938900e+00
181 2535 4.791343e-02 2.168205e+00  2.016199778118866500e+00  2.404484894694901800e+00  3.311015441603121900e+00  4.096799625082013600e+00
182 2549 4.877804e-02 2.188831e+00  2.016199778118866500e+00  2.540743849139442300e+00  3.260201913787706300e+00  4.293413727060428000e+00
183 2563 4.996108e-02 2.203227e+00  2.016199778118866500e+00  2.383371695380058800e+00  3.121205504107665600e+00  4.901045343325787200e+00
184 2577 5.045856e-02 2.213283e+00  2.016199778118866500e+00  2.405023014456595800e+00  3.117646964049642900e+00  4.734290464094791600e+00
185 2591 5.018062e-02 2.217765e+00  2.016199778118866500e+00  2.570850931229050400e+00  3.614712485024070200e+00  5.495541859658979800e+00
186 2605 4.997018e-02 2.223532e+00  2.016199778118866500e+00  2.690849110839542000e+00  3.237923396285775600e+00  6.049647590594371800e+00
187 2619 5.103540e-02 2.224261e+00  2.016199778118866500e+00  2.430948452968904000e+00  2.928888594393858300e+00  4.081946613117661800e+00
188 2633 5.251387e-02 2.227953e+00  2.016199778118866500e+00  2.356831430838092900e+00  3.595028268029590600e+00  5.927993815445613100e+00
189 2647 5.190378e-02 2.234734e+00  2.016199778118866500e+00  2.536885851067326200e+00  3.768989494252311000e+00  5.245037085067527200e+00
190 2661 5.205612e-02 2.235253e+00  2.016199778118866500e+00  2.510863664491400600e+00  3.707980878503707200e+00  4.915062517795042200e+00
191 2675 5.244007e-02 2.235969e+00  2.016199778118866500e+00  2.674209733401818700e+00  3.632162275048901500e+00  4.675360397839516400e+00
192 2689 5.257513e-02 2.245047e+00  2.016199778118866500e+00  2.837529250747742500e+00  3.660347752273267500e+00  5.547178682216484800e+00
193 2703 5.239203e-02 2.253435e+00  2.016199778118866500e+00  2.509387280693868800e+00  3.836214199853545700e+00  5.138818267514371200e+00
194 2717 5.249430e-02 2.256534e+00  2.016199778118866500e+00  2.584030615449865600e+00  3.356484854945623200e+00  5.333961792921376100e+00
195 2731 5.279535e-02 2.267001e+00  2.016199778118866500e+00  2.436795855314352700e+00  3.104815780090872200e+00  5.378308194529893200e+00
196 2745 5.424273e-02 2.277534e+00  2.016199778118866500e+00  2.491137936705323200e+00  3.749944089859239300e+00  6.078034170136543700e+00
197 2759 5.530098e-02 2.292143e+00  2.016199778118866500e+00  2.601777373855840700e+00  3.473599453021584300e+00  5.937284172423238400e+00
198 2773 5.620284e-02 2.300815e+00  2.016199778118866500e+00  2.333825321681308700e+00  3.314210641644715200e+00  5.365074481923356200e+00
199 2787 5.664653e-02 2.301814e+00  2.016199778118866500e+00  2.281871294035114700e+00  3.182416704202079200e+00  4.481768528967620600e+00
200 2801 5.612077e-02 2.309375e+00  2.016199778118866500e+00  2.836142757646442200e+00  3.368261202489643700e+00  4.524007459369650900e+00
201 2815 5.439861e-02 2.325118e+00  2.016199778118866500e+00  2.399958585762423300e+00  3.372910016400455700e+00  4.790194161604951300e+00
202 2829 5.358740e-02 2.345462e+00  2.016199778118866500e+00  2.671519494811740000e+00  3.437876897487657700e+00  4.610828514003403100e+00
203 2843 5.362749e-02 2.360628e+00  2.016199778118866500e+00  2.246608323745718000e+00  3.368198876965027700e+00  4.502112123271429000e+00
204 2857 5.448178e-02 2.386715e+00  2.016199778118866500e+00  2.473889656727933200e+00  3.170001972086562400e+00  5.165227236866340600e+00
205 2871 5.441827e-02 2.401595e+00  2.016199778118866500e+00  2.410092609127772800e+00  3.667928772111862300e+00  4.250280906930090200e+00
206 2885 5.312416e-02 2.409328e+00  2.016199778118866500e+00  2.313555959530916100e+00  3.629189930632651600e+00  5.596698190607369800e+00
207 2899 5.160037e-02 2.419133e+00  2.016199778118866500e+00  2.759962870791985400e+00  3.786047225168760900e+00  5.645100283425286100e+00
208 2913 5.217215e-02 2.435107e+00  2.016199778118866500e+00  2.840770149624608700e+00  3.837981978660346200e+00  4.994501885269425400e+00
209 2927 5.185507e-02 2.448795e+00  2.016199778118866500e+00  2.500734168261656600e+00  3.931317590264138900e+00  6.073038707865116200e+00
210 2941 5.058476e-02 2.477423e+00  2.016199778118866500e+00  2.648935510728548200e+00  3.885935600582773700e+00  5.929505340792683700e+00
211 2955 4.841491e-02 2.487231e+00  2.016199778118866500e+00  2.579229485277112900e+00  3.616006314083584500e+00  5.641765131056125400e+00
212 2969 4.642080e-02 2.493008e+00  2.016199778118866500e+00  2.208874888795206100e+00  3.082939335300787700e+00  4.769484580704311600e+00
213 2983 4.507005e-02 2.496981e+00  2.016199778118866500e+00  2.417698755887331500e+00  3.229744690936604100e+00  4.566098113873954000e+00
214 2997 4.460826e-02 2.508421e+00  2.016199778118866500e+00  2.282295314238065800e+00  3.228012624206932500e+00  4.998457269448112000e+00
215 3011 4.502469e-02 2.518078e+00  2.016199778118866500e+00  2.409571779412339200e+00  3.220884326680942600e+00  4.658937809766026600e+00
216 3025 4.473490e-02 2.540598e+00  2.016199778118866500e+00  2.449604424526639100e+00  3.024157644314111200e+00  4.272531815205351100e+00
217 3039 4.452852e-02 2.555707e+00  2.016199778118866500e+00  2.299992632921651600e+00  3.121906146374171500e+00  4.433546313027660400e+00
218 3053 4.448166e-02 2.570603e+00  2.016199778118866500e+00  2.363178126834228500e+00  2.892088378642602800e+00  3.651652008521507000e+00
219 3067 4.399444e-02 2.582499e+00  2.016199778118866500e+00  2.318097317870815700e+00  3.048952677056465900e+00  4.551725099525009800e+00
220 3081 4.399954e-02 2.589003e+00  2.016199778118866500e+00  2.516117645610159500e+00  3.063828273012183100e+00  4.150923077141214900e+00
221 3095 4.495137e-02 2.609077e+00  2.016199778118866500e+00  2.429989848523928000e+00  3.143835547414631600e+00  4.589403608993337400e+00
222 3109 4.479026e-02 2.616799e+00  2.016199778118866500e+00  2.377214029866050500e+00  2.773994302883309200e+00  4.351102284225961900e+00
223 3123 4.511504e-02 2.628148e+00  2.016199778118866500e+00  2.389386711370025100e+00  3.236573144097709700e+00  5.217581053427629500e+00
224 3137 4.536689e-02 2.629784e+00  2.016199778118866500e+00  2.418824740003727900e+00  3.684385017173918500e+00  4.746087523381637800e+00
225 3151 4.522916e-02 2.635288e+00  2.016199778118866500e+00  2.454989065636852700e+00  2.973813246823358000e+00  4.058970248871617100e+00
226 3165 4.492012e-02 2.632418e+00  2.016199778118866500e+00  2.642981784172678600e+00  2.968845697287124900e+00  4.037258319546857000e+00
227 3179 4.437751e-02 2.632310e+00  2.016199778118866500e+00  2.292556084398913500e+00  3.180296864547287300e+00  4.212543750609914800e+00
228 3193 4.363388e-02 2.632999e+00  2.016199778118866500e+00  2.607070462160740100e+00  2.766443117685576600e+00  3.652283140537468500e+00
229 3207 4.169619e-02 2.629883e+00  2.016199778118866500e+00  2.389901620948513100e+00  2.812924511528222200e+00  5.528998833302517300e+00
230 3221 4.089393e-02 2.630465e+00  2.016199778118866500e+00  2.462005050748764700e+00  2.778212461234836500e+00  4.225584546454244100e+00
231 3235 4.119313e-02 2.641544e+00  2.016199778118866500e+00  2.077480649863410200e+00  2.786024140102457000e+00  3.522614142716664200e+00
232 3249 4.162274e-02 2.642801e+00  2.016199778118866500e+00  2.232028984327743900e+00  2.959223132392415000e+00  5.341067003247816000e+00
233 3263 4.134369e-02 2.640843e+00  2.016199778118866500e+00  2.306803212797410300e+00  2.898586731258454600e+00  4.112116370913005500e+00
234 3277 4.208728e-02 2.639484e+00  2.016199778118866500e+00  2.619597491461767900e+00  3.161486648956330000e+00  5.482895351820342700e+00
235 3291 4.207392e-02 2.646147e+00  2.016199778118866500e+00  2.436818892192992500e+00  3.034467081271470200e+00  3.888949239582979900e+00
236 3305 4.166084e-02 2.648890e+00  2.016199778118866500e+00  2.127480128077885000e+00  2.908388604906326300e+00  4.323835627737201600e+00
237 3319 4.181769e-02 2.656998e+00  2.016199778118866500e+00  2.338996510141045700e+00  3.034083262675552300e+00  5.400789955350948200e+00
238 3333 4.165592e-02 2.671234e+00  2.016199778118866500e+00  2.114596216182465400e+00  2.983274516103666200e+00  5.071726078204937600e+00
239 3347 4.007277e-02 2.679466e+00  2.016199778118866500e+00  2.334360914331479200e+00  2.686719848095793700e+00  5.037629253808867200e+00
240 3361 3.844728e-02 2.678864e+00  2.016199778118866500e+00  2.250260328146106200e+00  2.908420182417482500e+00  4.222449377773053000e+00
241 3375 3.697981e-02 2.680652e+00  2.016199778118866500e+00  2.460975433288188400e+00  3.241744415180300100e+00  4.152027453433822400e+00
242 3389 3.567189e-02 2.685184e+00  2.016199778118866500e+00  2.282873515928829800e+00  3.009697657138825600e+00  3.965706621889734300e+00
243 3403 3.490246e-02 2.687457e+00  2.016199778118866500e+00  2.555070816761490200e+00  2.999590340005422000e+00  3.715858690282328100e+00
244 3417 3.410157e-02 2.690787e+00  2.016199778118866500e+00  2.251597894821451900e+00  2.774428481180601500e+00  3.938243800453449200e+00
245 3431 3.336608e-02 2.705467e+00  2.016199778118866500e+00  2.290638657603531600e+00  2.783492164297581600e+00  4.426449209463601900e+00
246 3445 3.334379e-02 2.720670e+00  2.016199778118866500e+00  2.225758768033396800e+00  2.628094764705646300e+00  3.939522966362945900e+00
247 3459 3.374249e-02 2.724735e+00  2.016199778118866500e+00  2.286616826607574800e+00  2.765046482118698600e+00  4.113774352054372600e+00
248 3473 3.392126e-02 2.730404e+00  2.007651781675996400e+00  2.007651781675996400e+00  2.857515545131419400e+00  4.077288484292184400e+00
249 3487 3.342607e-02 2.736460e+00  2.007651781675996400e+00  2.015567859399092700e+00  2.862546824111307200e+00  4.231923448657082300e+00
250 3501 3.223528e-02 2.743924e+00  2.007651781675996400e+00  2.223621465435603000e+00  2.754527900938963400e+00  4.361134821821474700e+00
251 3515 3.217993e-02 2.743709e+00  2.007651781675996400e+00  2.320167977077526500e+00  2.717188821042271700e+00  3.723581951842221300e+00
252 3529 3.200444e-02 2.753084e+00  2.007651781675996400e+00  2.203974840259757900e+00  2.450996012985146700e+00  3.350990433130112600e+00
253 3543 3.120441e-02 2.757317e+00  2.007651781675996400e+00  2.087988348081216500e+00  2.467288078224355800e+00  3.592898925556243600e+00
254 3557 3.096904e-02 2.758055e+00  2.007651781675996400e+00  2.190766918227888400e+00  2.755487111930565700e+00  3.624139024121682400e+00
255 3571 3.051103e-02 2.766584e+00  2.007651781675996400e+00  2.347004976004538200e+00  2.548395985527380300e+00  4.004043904208558000e+00
256 3585 2.974959e-02 2.794231e+00  2.007651781675996400e+00  2.040563613940789000e+00  2.610276024545203900e+00  3.946653474062756100e+00
257 3599 2.915790e-02 2.800260e+00  2.007651781675996400e+00  2.182581968764196300e+00  2.509227331568030900e+00  3.936245471706023100e+00
258 3613 2.913694e-02 2.802717e+00  2.007651781675996400e+00  2.236914870397220600e+00  2.573370486914835300e+00  3.911008424183146200e+00
259 3627 2.906826e-02 2.809234e+00  2.007651781675996400e+00  2.125566320351127900e+00  2.511724262257355500e+00  3.198417793319444900e+00
260 3641 2.978500e-02 2.826115e+00  2.007651781675996400e+00  2.093063717005319900e+00  2.569150362732723500e+00  3.413782000062492500e+00
261 3655 3.002062e-02 2.827875e+00  2.007651781675996400e+00  2.132802566278425300e+00  2.639243687345396200e+00  3.590522679565610400e+00
262 3669 2.975435e-02 2.837180e+00  2.007651781675996400e+00  2.031470796629643700e+00  2.722335464093921200e+00  4.189771448544320300e+00
263 3683 3.028697e-02 2.847631e+00  2.007651781675996400e+00  2.066930818612997100e+00  2.437270385062863200e+00  2.644678718056756600e+00
264 3697 3.081208e-02 2.852011e+00  2.007651781675996400e+00  2.126027971765760900e+00  2.641159091495650200e+00  3.558275564439082200e+00
265 3711 3.114728e-02 2.854678e+00  2.007651781675996400e+00  2.160377900009616600e+00  2.567681512631741400e+00  2.904984132287234700e+00
266 3725 3.100360e-02 2.861978e+00  2.007651781675996400e+00  2.050788403379968800e+00  2.519580127501625600e+00  2.917700923158956800e+00
267 3739 3.090256e-02 2.866164e+00  2.007651781675996400e+00  2.018273633121862300e+00  2.575670951416309900e+00  4.008194571771008800e+00
268 3753 2.988864e-02 2.873796e+00  2.007651781675996400e+00  2.116512157439549100e+00  2.635117523289125100e+00  3.004604950165254500e+00
269 3767 2.870456e-02 2.882066e+00  2.007651781675996400e+00  2.109983719398449900e+00  2.554350842342731000e+00  3.874083137180563500e+00
270 3781 2.750097e-02 2.882643e+00  2.007651781675996400e+00  2.176910250905391000e+00  2.441766083800924700e+00  3.726919622014804200e+00
271 3795 2.622656e-02 2.885486e+00  2.007651781675996400e+00  2.055714392816269800e+00  2.434129616636532900e+00  3.124447351765921300e+00
272 3809 2.493072e-02 2.885337e+00  2.007651781675996400e+00  2.065424334237115900e+00  2.343753083371349400e+00  2.748910030768440600e+00
273 3823 2.356781e-02 2.884372e+00  2.007651781675996400e+00  2.028227933493458800e+00  2.350099294620417100e+00  3.529053099297900800e+00
274 3837 2.244985e-02 2.895778e+00  1.968400612113625000e+00  1.968400612113625000e+00  2.384244147297130700e+00  3.713032364363274800e+00
275 3851 2.154914e-02 2.911256e+00  1.968400612113625000e+00  2.058576889624370100e+00  2.370073521598719000e+00  2.878256321013218200e+00
276 3865 2.125648e-02 2.921228e+00  1.968400612113625000e+00  2.037057612493828400e+00  2.172108416529644700e+00  3.061022797253279700e+00
277 3879 2.105230e-02 2.928096e+00  1.968400612113625000e+00  2.012146191232807800e+00  2.282391948484175700e+00  2.443258637018112200e+00
278 3893 2.073991e-02 2.929698e+00  1.963574086439988000e+00  1.963574086439988000e+00  2.168524039192742100e+00  3.338922294045238100e+00
279 3907 2.054490e-02 2.940797e+00  1.963574086439988000e+00  2.090761264147068300e+00  2.243607936605329200e+00  3.533332620440677200e+00
280 3921 2.002461e-02 2.954008e+00  1.963574086439988000e+00  1.988709639468907900e+00  2.215210536984368900e+00  3.407192055426763000e+00
281 3935 1.963722e-02 2.955723e+00  1.949414000355937300e+00  1.949414000355937300e+00  2.253338743147672600e+00  2.638301880609137800e+00
282 3949 1.945821e-02 2.958696e+00  1.949414000355937300e+00  2.016420901973610600e+00  2.158152464401077900e+00  3.647782796820138200e+00
283 3963 1.930877e-02 2.962007e+00  1.949414000355937300e+00  2.028398656045838200e+00  2.211074158536740200e+00  2.585925444983328900e+00
284 3977 1.908962e-02 2.967638e+00  1.949414000355937300e+00  1.992083239707821000e+00  2.280313204454611100e+00  2.659629101475881700e+00
285 3991 1.930410e-02 2.969563e+00  1.949414000355937300e+00  2.027065223641467500e+00  2.240477471937515100e+00  2.534455105578976100e+00
286 4005 1.915222e-02 2.976735e+00  1.949414000355937300e+00  2.003500544982495900e+00  2.210045492293738700e+00  2.424346968187079300e+00
287 4019 1.876522e-02 2.986814e+00  1.949414000355937300e+00  1.969899893331455500e+00  2.214840918173174500e+00  2.496353199844595100e+00
288 4033 1.838725e-02 3.007329e+00  1.949414000355937300e+00  1.998620371249898700e+00  2.138064745074373700e+00  2.489752655020510500e+00
289 4047 1.782061e-02 3.016178e+00  1.949414000355937300e+00  2.029821952457902000e+00  2.153861260681875200e+00  2.469756342762599000e+00
290 4061 1.700653e-02 3.025219e+00  1.949414000355937300e+00  1.985923776089589400e+00  2.128955408543249400e+00  2.505056705960697600e+00
291 4075 1.626549e-02 3.027203e+00  1.909054402638712800e+00  1.909054402638712800e+00  2.131828640758961100e+00  2.639594252878670700e+00
292 4089 1.564006e-02 3.037357e+00  1.909054402638712800e+00  1.924214347768535400e+00  2.175209912243799800e+00  2.406397511397354400e+00
293 4103 1.494115e-02 3.042673e+00  1.909054402638712800e+00  1.923689479936825400e+00  2.058213736232733700e+00  2.586911702663243800e+00
294 4117 1.396424e-02 3.049337e+00  1.858287480638256600e+00  1.858287480638256600e+00  2.055926519966908100e+00  2.249669438988310100e+00
295 4131 1.334278e-02 3.048952e+00  1.834546927626005100e+00  1.834546927626005100e+00  2.041554436326422200e+00  2.209931721409218700e+00
296 4145 1.296037e-02 3.050798e+00  1.834546927626005100e+00  1.849797011529674000e+00  2.056318890613661600e+00  2.386238767909407700e+00
297 4159 1.293490e-02 3.052634e+00  1.831580946772412200e+00  1.831580946772412200e+00  2.041499876397703700e+00  2.168371420213014700e+00
298 4173 1.274998e-02 3.057261e+00  1.831580946772412200e+00  1.940887122854414200e+00  2.053617012785144100e+00  2.205137006424093400e+00
299 4187 1.236420e-02 3.065978e+00  1.831580946772412200e+00  1.899299899996591500e+00  2.082092192853075100e+00  2.274692450498982100e+00
300 4201 1.207247e-02 3.070701e+00  1.831580946772412200e+00  1.921620706900655200e+00  2.070660927418671800e+00  2.143341526054664700e+00
301 4215 1.154250e-02 3.078923e+00  1.831580946772412200e+00  1.850973549478335500e+00  1.993143017452985600e+00  2.168311361101375100e+00
302 4229 1.095351e-02 3.092227e+00  1.831580946772412200e+00  1.890015833131645200e+00  1.985139942203225400e+00  2.241499891007224600e+00
303 4243 1.066133e-02 3.119870e+00  1.831580946772412200e+00  1.918018053679572300e+00  2.024274796322622200e+00  2.214556877022686400e+00
304 4257 1.024167e-02 3.129780e+00  1.831580946772412200e+00  1.836535494218857400e+00  1.959857759590874200e+00  2.138191797549430000e+00
305 4271 9.926087e-03 3.134729e+00  1.831580946772412200e+00  1.897398633547287700e+00  1.981450425237805300e+00  2.083498967517034600e+00
306 4285 9.632561e-03 3.134059e+00  1.831580946772412200e+00  1.892499100580194100e+00  1.976007977129167400e+00  2.165501072767586500e+00
307 4299 9.396989e-03 3.148579e+00  1.831580946772412200e+00  1.887880672288729600e+00  1.958043059822327500e+00  2.114118179664689700e+00
308 4313 8.932162e-03 3.170631e+00  1.831580946772412200e+00  1.873485652430672200e+00  1.914701224209601800e+00  2.112943299961069300e+00
309 4327 8.637051e-03 3.176649e+00  1.831580946772412200e+00  1.862498627338219800e+00  1.962110073203416200e+00  2.164160093584533800e+00
310 4341 8.532921e-03 3.186031e+00  1.831580946772412200e+00  1.867364391274309000e+00  1.933098865580916300e+00  2.065323506998587800e+00
311 4355 8.403012e-03 3.191633e+00  1.831580946772412200e+00  1.842624427352874000e+00  1.936169872509071700e+00  2.245190441389377100e+00
312 4369 8.363311e-03 3.209525e+00  1.815380251429594200e+00  1.815380251429594200e+00  1.914891625948362200e+00  2.100964460948869600e+00
313 4383 8.246486e-03 3.226529e+00  1.815380251429594200e+00  1.831807744795856700e+00  1.906892516737666200e+00  1.979886713281828300e+00
314 4397 8.034690e-03 3.233228e+00  1.797452047115976900e+00  1.797452047115976900e+00  1.915892905354702000e+00  2.021825336030457400e+00
315 4411 7.936338e-03 3.255592e+00  1.797452047115976900e+00  1.840939092167409100e+00  1.921450274068285100e+00  2.029039229692245700e+00
316 4425 7.886512e-03 3.283760e+00  1.797452047115976900e+00  1.829037052430327400e+00  1.922600855563475300e+00  2.085779584648856500e+00
317 4439 8.002978e-03 3.342454e+00  1.797452047115976900e+00  1.874300001711976000e+00  1.934935675093885300e+00  2.013777714534244800e+00
318 4453 8.048552e-03 3.375149e+00  1.797452047115976900e+00  1.832144312769026700e+00  1.941634796832011600e+00  2.183759705021021300e+00
319 4467 7.855845e-03 3.397873e+00  1.797452047115976900e+00  1.842848005902763900e+00  1.942404924641427900e+00  2.028595510464565900e+00
320 4481 7.734649e-03 3.414616e+00  1.797452047115976900e+00  1.867434427463077900e+00  1.954774075705201200e+00  2.114940833642468700e+00
321 4495 7.708985e-03 3.421719e+00  1.797452047115976900e+00  1.877839923827252300e+00  1.931910063974561400e+00  2.067141793923617000e+00
322 4509 7.673916e-03 3.424118e+00  1.797452047115976900e+00  1.850987706096815000e+00  1.921403550915763400e+00  1.990199838039211900e+00
323 4523 7.545009e-03 3.424462e+00  1.797452047115976900e+00  1.825553463741516500e+00  1.916390815896007000e+00  2.005491507008290600e+00
324 4537 7.496533e-03 3.429819e+00  1.797452047115976900e+00  1.882505550597722200e+00  1.917276777677191700e+00  2.055661292122882100e+00
325 4551 7.489631e-03 3.431462e+00  1.797452047115976900e+00  1.807723910793100000e+00  1.910840702530138800e+00  2.018511578170784700e+00
326 4565 7.493778e-03 3.436069e+00  1.797452047115976900e+00  1.824255563636512100e+00  1.920123273288622200e+00  2.053426493079660200e+00
327 4579 7.581492e-03 3.446447e+00  1.797452047115976900e+00  1.830784718066757100e+00  1.947954660072031000e+00  2.024286976661933100e+00
328 4593 7.699594e-03 3.449884e+00  1.797452047115976900e+00  1.828352736602268300e+00  1.934287419318905500e+00  2.030559516071637600e+00
329 4607 7.757615e-03 3.451849e+00  1.797452047115976900e+00  1.847251642069904600e+00  1.920917375628170100e+00  2.211433341108000900e+00
330 4621 7.838536e-03 3.456145e+00  1.797452047115976900e+00  1.848380923346323100e+00  1.929802482216097300e+00  2.031467481271819900e+00
331 4635 7.758999e-03 3.456781e+00  1.797452047115976900e+00  1.863872247447560000e+00  1.914536077432758900e+00  2.090577596994220000e+00
332 4649 7.631538e-03 3.460175e+00  1.797452047115976900e+00  1.861583975850018800e+00  1.917740015171770500e+00  2.052220175965869600e+00
333 4663 7.490491e-03 3.461625e+00  1.797452047115976900e+00  1.815451683290839800e+00  1.900906940041407400e+00  2.001257422688524500e+00
334 4677 7.359208e-03 3.467865e+00  1.797452047115976900e+00  1.803239111297348700e+00  1.885272075111847500e+00  2.020441221825798600e+00
335 4691 7.082110e-03 3.478475e+00  1.797452047115976900e+00  1.827843008038565700e+00  1.910223427666380800e+00  1.976484522308513000e+00
336 4705 6.920568e-03 3.479226e+00  1.797452047115976900e+00  1.838421180446026900e+00  1.892903367351093500e+00  1.987776440203875600e+00
337 4719 6.752191e-03 3.483925e+00  1.797452047115976900e+00  1.831117963716469200e+00  1.888863436583610600e+00  2.019814943937934300e+00
338 4733 6.536090e-03 3.488052e+00  1.797452047115976900e+00  1.817421058979345100e+00  1.874956022917598300e+00  1.965818812617305700e+00
339 4747 6.290142e-03 3.486988e+00  1.797452047115976900e+00  1.833720387201383400e+00  1.889823354505465700e+00  2.048315171269484500e+00
340 4761 6.145175e-03 3.490693e+00  1.797452047115976900e+00  1.831935421029309700e+00  1.882725736171951200e+00  1.965762666609119900e+00
341 4775 6.008476e-03 3.487824e+00  1.797452047115976900e+00  1.833451478140416100e+00  1.908631734285829700e+00  2.041583743538710300e+00
342 4789 5.760710e-03 3.488784e+00  1.797452047115976900e+00  1.800488600373218600e+00  1.879050842949877300e+00  1.937089004316461500e+00
343 4803 5.594180e-03 3.490319e+00  1.797452047115976900e+00  1.817395814279877600e+00  1.852257709863047700e+00  1.935871262907531900e+00
344 4817 5.451730e-03 3.502424e+00  1.797452047115976900e+00  1.813271177542222800e+00  1.853584990370713100e+00  1.976808820638265900e+00
345 4831 5.269690e-03 3.510989e+00  1.783099852886749200e+00  1.783099852886749200e+00  1.861098786487329600e+00  1.949928189967141900e+00
346 4845 5.157184e-03 3.520019e+00  1.783099852886749200e+00  1.815782014343537700e+00  1.859720808553888100e+00  1.908306139165202500e+00
347 4859 4.980229e-03 3.524031e+00  1.783099852886749200e+00  1.816838728739589300e+00  1.848347784082204000e+00  1.911458749628585500e+00
348 4873 4.901293e-03 3.542827e+00  1.783099852886749200e+00  1.797060815156692500e+00  1.846728055936416100e+00  1.901352360552192700e+00
349 4887 4.774452e-03 3.544564e+00  1.783099852886749200e+00  1.802325543187653500e+00  1.856830681767497500e+00  1.893255680434433400e+00
350 4901 4.710813e-03 3.548038e+00  1.783099852886749200e+00  1.783990802565748900e+00  1.846788055219889600e+00  1.927003921200936700e+00
351 4915 4.676696e-03 3.545169e+00  1.783099852886749200e+00  1.828966050699927500e+00  1.851844105785474200e+00  1.886460510997853600e+00
352 4929 4.625052e-03 3.555493e+00  1.783099852886749200e+00  1.803768682938798200e+00  1.862197310108468800e+00  1.956639828334164200e+00
353 4943 4.576661e-03 3.558392e+00  1.783099852886749200e+00  1.808303400224951000e+00  1.851303233283116100e+00  1.945629690840378700e+00
354 4957 4.491633e-03 3.557290e+00  1.783099852886749200e+00  1.825405303171964800e+00  1.861553238006629800e+00  1.919775991798701400e+00
355 4971 4.404583e-03 3.561176e+00  1.783099852886749200e+00  1.796070392683170000e+00  1.848756233977429700e+00  1.949620853155858800e+00
356 4985 4.369817e-03 3.565196e+00  1.783099852886749200e+00  1.806821590167833700e+00  1.836083069261701200e+00  1.888456084802377000e+00
357 4999 4.301673e-03 3.563074e+00  1.783099852886749200e+00  1.813095982376965200e+00  1.839329086635862300e+00  1.912041729829166300e+00
358 5013 4.222258e-03 3.574390e+00  1.783099852886749200e+00  1.792957704553365800e+00  1.852218562168508800e+00  1.890071736539275600e+00
359 5027 4.109802e-03 3.588113e+00  1.783099852886749200e+00  1.802050382397248500e+00  1.832702919140649900e+00  1.889527049023244100e+00
360 5041 4.109324e-03 3.584236e+00  1.783099852886749200e+00  1.821950204185848200e+00  1.853180460629547000e+00  1.929058416223864600e+00
361 5055 3.940138e-03 3.589606e+00  1.783099852886749200e+00  1.809208914052096600e+00  1.846660946787436400e+00  1.911020836282278300e+00
362 5069 3.776577e-03 3.595845e+00  1.783099852886749200e+00  1.805123371310475700e+00  1.845889866611128500e+00  1.879109262421251800e+00
363 5083 3.660522e-03 3.597361e+00  1.783099852886749200e+00  1.786910037845399500e+00  1.836731896610836400e+00  1.902507754240117000e+00
364 5097 3.580976e-03 3.606758e+00  1.781933855435048300e+00  1.781933855435048300e+00  1.825684915012967000e+00  1.874430713587593700e+00
365 5111 3.510295e-03 3.624730e+00  1.781933855435048300e+00  1.789611521851844500e+00  1.824225686843574200e+00  1.873570697578525100e+00
366 5125 3.407590e-03 3.628875e+00  1.781933855435048300e+00  1.782748515124972900e+00  1.821332917894363100e+00  1.878904279252310100e+00
367 5139 3.413240e-03 3.627898e+00  1.781933855435048300e+00  1.796941627223551700e+00  1.827942341977472700e+00  1.846319005570337300e+00
368 5153 3.457196e-03 3.637423e+00  1.781933855435048300e+00  1.796552089320598400e+00  1.825753895586846400e+00  1.877430777654817600e+00
369 5167 3.490429e-03 3.652492e+00  1.767598615269649200e+00  1.767598615269649200e+00  1.820753551559998400e+00  1.883515508751290900e+00
370 5181 3.536390e-03 3.681857e+00  1.767598615269649200e+00  1.775619526685211300e+00  1.810120611919656200e+00  1.862516077983250400e+00
371 5195 3.519573e-03 3.694038e+00  1.767598615269649200e+00  1.786899819099016200e+00  1.821262643857950400e+00  1.866885403545131000e+00
372 5209 3.471525e-03 3.700702e+00  1.767598615269649200e+00  1.786673170586219800e+00  1.817648058706516700e+00  1.871349312749413000e+00
373 5223 3.402681e-03 3.712495e+00  1.767598615269649200e+00  1.784434132135702500e+00  1.815385448784918600e+00  1.847147631631820500e+00
374 5237 3.364557e-03 3.724725e+00  1.767598615269649200e+00  1.789995055452575400e+00  1.814595744661484000e+00  1.847106879117254900e+00
375 5251 3.365571e-03 3.729422e+00  1.767598615269649200e+00  1.798193562286983800e+00  1.825939231729714100e+00  1.871512428025224000e+00
376 5265 3.343665e-03 3.735889e+00  1.767598615269649200e+00  1.784096832367558800e+00  1.816066318442266100e+00  1.854547609659722200e+00
377 5279 3.354224e-03 3.737473e+00  1.767598615269649200e+00  1.787026219787070500e+00  1.820417309440684100e+00  1.876835609269985600e+00
378 5293 3.339430e-03 3.755601e+00  1.767598615269649200e+00  1.805454974312949800e+00  1.830818945541651900e+00  1.860174274934413200e+00
379 5307 3.291265e-03 3.757551e+00  1.767598615269649200e+00  1.799296443743467800e+00  1.837387124744104000e+00  1.876495277434901100e+00
380 5321 3.299295e-03 3.756965e+00  1.767598615269649200e+00  1.786830067254227400e+00  1.822107165544021500e+00  1.908730797213739700e+00
381 5335 3.263325e-03 3.764961e+00  1.767598615269649200e+00  1.782215466970146400e+00  1.803229474145316800e+00  1.871092337825423400e+00
382 5349 3.271931e-03 3.763338e+00  1.767598615269649200e+00  1.794769304860139400e+00  1.813984720914803900e+00  1.880730298815336000e+00
383 5363 3.270804e-03 3.765390e+00  1.767598615269649200e+00  1.789472557964292700e+00  1.814752517865596100e+00  1.859788903570341700e+00
384 5377 3.269906e-03 3.768408e+00  1.767598615269649200e+00  1.785019267045788300e+00  1.809009988654422900e+00  1.840870896311439100e+00
385 5391 3.307919e-03 3.775770e+00  1.767598615269649200e+00  1.781084837078025000e+00  1.816242568220699700e+00  1.858194604531561200e+00
386 5405 3.244812e-03 3.777180e+00  1.767598615269649200e+00  1.786195813342142700e+00  1.825484551963719100e+00  1.868355285865749100e+00
387 5419 3.260587e-03 3.811428e+00  1.767598615269649200e+00  1.789312394075571100e+00  1.823003943072332200e+00  1.883878806757576900e+00
388 5433 3.276805e-03 3.833789e+00  1.767598615269649200e+00  1.784313638559991600e+00  1.805380854080656400e+00  1.838028821590092600e+00
389 5447 3.339904e-03 3.843285e+00  1.767598615269649200e+00  1.774036456504299200e+00  1.813757651824317000e+00  1.839171103922417400e+00
390 5461 3.360129e-03 3.842417e+00  1.767598615269649200e+00  1.788446592431512000e+00  1.806679595957991500e+00  1.863123139180985300e+00
391 5475 3.354893e-03 3.855441e+00  1.767598615269649200e+00  1.768748624995165200e+00  1.818812158858622600e+00  1.891572644363884500e+00
392 5489 3.398193e-03 3.869194e+00  1.762856113568324100e+00  1.762856113568324100e+00  1.822996954079668400e+00  1.858222295903541700e+00
393 5503 3.384011e-03 3.875213e+00  1.762856113568324100e+00  1.793033250020626300e+00  1.810720064299865800e+00  1.853778705039181900e+00
394 5517 3.428407e-03 3.881019e+00  1.762856113568324100e+00  1.785648865587268200e+00  1.819101307391392200e+00  1.873700104079743000e+00
395 5531 3.450297e-03 3.894932e+00  1.762856113568324100e+00  1.791044442743888100e+00  1.818867631625417300e+00  1.848686369053191800e+00
396 5545 3.468429e-03 3.898901e+00  1.762856113568324100e+00  1.796726383841786200e+00  1.816735871493999800e+00  1.902938937560629800e+00
397 5559 3.512010e-03 3.900795e+00  1.762856113568324100e+00  1.773737942374035600e+00  1.817053105345226300e+00  1.858985291722532700e+00
398 5573 3.470765e-03 3.902487e+00  1.762856113568324100e+00  1.797177062779702600e+00  1.819233962629397600e+00  1.886292065452992700e+00
399 5587 3.414273e-03 3.907182e+00  1.762856113568324100e+00  1.776878808495397500e+00  1.799741497813548000e+00  1.852577682775704300e+00
400 5601 3.376672e-03 3.911919e+00  1.762856113568324100e+00  1.786607929281606400e+00  1.819654596109570500e+00  1.857783363696153600e+00
401 5615 3.298644e-03 3.927779e+00  1.762856113568324100e+00  1.775427583992518900e+00  1.809470857419050100e+00  1.855488057064010200e+00
402 5629 3.271624e-03 3.943967e+00  1.762856113568324100e+00  1.785003403164549000e+00  1.813929621026550100e+00  1.840472698494473900e+00
403 5643 3.321590e-03 3.952025e+00  1.762856113568324100e+00  1.787162498976220000e+00  1.819892282875330100e+00  1.840217622508226500e+00
404 5657 3.358622e-03 3.947549e+00  1.762856113568324100e+00  1.772403906947090300e+00  1.813753617369409500e+00  1.852417097112622400e+00
405 5671 3.325986e-03 3.966826e+00  1.762856113568324100e+00  1.776211461178481600e+00  1.804822858969167100e+00  1.882625168613244500e+00
406 5685 3.285536e-03 3.973020e+00  1.762856113568324100e+00  1.784849025637493400e+00  1.810779583791390500e+00  1.880664014853136600e+00
407 5699 3.210481e-03 3.976846e+00  1.762856113568324100e+00  1.791198500368256500e+00  1.807542289944534800e+00  1.882020970701676800e+00
408 5713 3.074711e-03 3.992208e+00  1.762856113568324100e+00  1.776197924905883500e+00  1.795902028200805400e+00  1.841485697257510400e+00
409 5727 3.009094e-03 4.013013e+00  1.762856113568324100e+00  1.776721841649673900e+00  1.796115035009118600e+00  1.812460250218872700e+00
410 5741 2.867935e-03 4.021686e+00  1.762856113568324100e+00  1.767792985265307100e+00  1.796395830594921700e+00  1.856320681853673900e+00
411 5755 2.804608e-03 4.026916e+00  1.762856113568324100e+00  1.779671019031822300e+00  1.805691434252531600e+00  1.851022350337017800e+00
412 5769 2.752190e-03 4.039485e+00  1.762856113568324100e+00  1.780734620131613400e+00  1.803251130721342800e+00  1.841542579594632100e+00
413 5783 2.710490e-03 4.036428e+00  1.762856113568324100e+00  1.781367421255114000e+00  1.799715083249820300e+00  1.826189260189257800e+00
414 5797 2.726700e-03 4.050318e+00  1.762856113568324100e+00  1.779287157731803700e+00  1.800380350789686700e+00  1.827650672268528200e+00
415 5811 2.740145e-03 4.055237e+00  1.762856113568324100e+00  1.782619971124290500e+00  1.799925700505430100e+00  1.839675307607890200e+00
416 5825 2.790726e-03 4.065342e+00  1.762856113568324100e+00  1.782053519971914300e+00  1.801051576259230100e+00  1.844652231587406100e+00
417 5839 2.805262e-03 4.074259e+00  1.762856113568324100e+00  1.765255750768711000e+00  1.794599597623063300e+00  1.822764080216419100e+00
418 5853 2.903636e-03 4.081194e+00  1.762856113568324100e+00  1.779395972824259400e+00  1.798649312161703800e+00  1.845814715287301500e+00
419 5867 2.989577e-03 4.098642e+00  1.762856113568324100e+00  1.773135155996469200e+00  1.801235701488912900e+00  1.860586951551334200e+00
420 5881 2.994584e-03 4.109049e+00  1.762856113568324100e+00  1.777379425496528100e+00  1.812646480619378100e+00  1.834789339597511400e+00
421 5895 2.973834e-03 4.133354e+00  1.762856113568324100e+00  1.772575984753796700e+00  1.797934788290444000e+00  1.839174624092702500e+00
422 5909 2.913870e-03 4.135233e+00  1.762856113568324100e+00  1.779005645993843000e+00  1.810185545770262700e+00  1.830819018016479200e+00
423 5923 2.850495e-03 4.143055e+00  1.762856113568324100e+00  1.778341390848809500e+00  1.801628125714118200e+00  1.818439207696016100e+00
424 5937 2.783574e-03 4.140891e+00  1.762856113568324100e+00  1.775220751268015200e+00  1.803002284543227400e+00  1.834446068310880300e+00
425 5951 2.745816e-03 4.157627e+00  1.762856113568324100e+00  1.773975156580984700e+00  1.800641196695882000e+00  1.836638575408075400e+00
426 5965 2.693429e-03 4.168630e+00  1.762856113568324100e+00  1.780638579916463900e+00  1.797263758726426600e+00  1.840935262004243000e+00
427 5979 2.704050e-03 4.171847e+00  1.762856113568324100e+00  1.776864361028203600e+00  1.793567531222648400e+00  1.820274715742007600e+00
428 5993 2.751714e-03 4.175337e+00  1.762856113568324100e+00  1.772287846039700200e+00  1.786943308208122500e+00  1.821815944829851400e+00
429 6007 2.828432e-03 4.174178e+00  1.762856113568324100e+00  1.775411793462155400e+00  1.801271701317790800e+00  1.839486238016061500e+00
430 6021 2.903672e-03 4.177728e+00  1.762856113568324100e+00  1.762892499294806700e+00  1.792598382910480300e+00  1.824040142079543800e+00
431 6035 2.927861e-03 4.180771e+00  1.762856113568324100e+00  1.775456641453524000e+00  1.802278266771616800e+00  1.823615925167619600e+00
432 6049 3.014143e-03 4.183086e+00  1.762856113568324100e+00  1.778859659456640600e+00  1.803860656635635200e+00  1.834329968705826300e+00
433 6063 3.146260e-03 4.199251e+00  1.762856113568324100e+00  1.768354653486232400e+00  1.808865778231151900e+00  1.852516195499066800e+00
434 6077 3.275005e-03 4.219174e+00  1.762856113568324100e+00  1.779336209962235800e+00  1.803128600865312700e+00  1.852589619864112500e+00
435 6091 3.377973e-03 4.236635e+00  1.762856113568324100e+00  1.783522822703643500e+00  1.801625616727601000e+00  1.834581586712774800e+00
436 6105 3.402244e-03 4.248936e+00  1.762856113568324100e+00  1.771557814525725100e+00  1.799404785212778800e+00  1.822321689891403900e+00
437 6119 3.395116e-03 4.271733e+00  1.762856113568324100e+00  1.771751787213207400e+00  1.816031876727763000e+00  1.853557798202410300e+00
438 6133 3.346161e-03 4.286646e+00  1.762856113568324100e+00  1.783949646781838500e+00  1.797178691112199200e+00  1.833125364721603700e+00
439 6147 3.215206e-03 4.297564e+00  1.762856113568324100e+00  1.773692873658081500e+00  1.803423768717846700e+00  1.868640052348129700e+00
440 6161 3.190689e-03 4.311885e+00  1.762856113568324100e+00  1.785009998306009700e+00  1.804966308187621000e+00  1.837696103085157100e+00
441 6175 3.062104e-03 4.330915e+00  1.762856113568324100e+00  1.784273456572208300e+00  1.804297760791045500e+00  1.834553318053103300e+00
442 6189 2.911427e-03 4.350590e+00  1.762856113568324100e+00  1.772754355656467300e+00  1.813334345338645000e+00  1.835286960401465900e+00
443 6203 2.807787e-03 4.354142e+00  1.762856113568324100e+00  1.778965637620566300e+00  1.799994400069225600e+00  1.842742347772410100e+00
444 6217 2.754482e-03 4.358025e+00  1.762856113568324100e+00  1.775975426984914800e+00  1.796050239115722000e+00  1.839731949029892000e+00
445 6231 2.651500e-03 4.361080e+00  1.762856113568324100e+00  1.776899580455912200e+00  1.795879252549573300e+00  1.829970473111136800e+00
446 6245 2.565333e-03 4.363948e+00  1.762856113568324100e+00  1.779285194456585500e+00  1.790833389320973100e+00  1.852095487849884100e+00
447 6259 2.501169e-03 4.369548e+00  1.762856113568324100e+00  1.776278270299227200e+00  1.793996907098216000e+00  1.831223323311991900e+00
448 6273 2.380890e-03 4.379539e+00  1.762856113568324100e+00  1.770355091503369400e+00  1.796382970059861500e+00  1.825694608375344700e+00
449 6287 2.304901e-03 4.378065e+00  1.762856113568324100e+00  1.770617193860244400e+00  1.791138878503537800e+00  1.813043424478071800e+00
450 6301 2.295489e-03 4.386772e+00  1.762856113568324100e+00  1.770381941425337400e+00  1.789385411501205600e+00  1.816372575269411800e+00
451 6315 2.321165e-03 4.397255e+00  1.762856113568324100e+00  1.763431252369901200e+00  1.788527149829676000e+00  1.814259607398961200e+00
452 6329 2.354497e-03 4.396515e+00  1.762856113568324100e+00  1.778380461024438700e+00  1.788102826074731600e+00  1.824589668850316700e+00
453 6343 2.397402e-03 4.411337e+00  1.762856113568324100e+00  1.772822860190067500e+00  1.782486720100498400e+00  1.802406668111374600e+00
454 6357 2.383014e-03 4.419086e+00  1.762856113568324100e+00  1.775132773960302000e+00  1.792217001105714800e+00  1.817457001157228400e+00
455 6371 2.374590e-03 4.436096e+00  1.762856113568324100e+00  1.770342991894691400e+00  1.793191607051195500e+00  1.818265905138886300e+00
456 6385 2.366198e-03 4.461225e+00  1.762856113568324100e+00  1.769556166033678500e+00  1.786111417722802100e+00  1.811152233959265600e+00
457 6399 2.315445e-03 4.488587e+00  1.762183901964263100e+00  1.762183901964263100e+00  1.779012320816564500e+00  1.803251440503056900e+00
458 6413 2.262475e-03 4.503558e+00  1.762183901964263100e+00  1.766280725071374300e+00  1.779380020466922100e+00  1.803494952232795400e+00
459 6427 2.242506e-03 4.512092e+00  1.762183901964263100e+00  1.779230063456547700e+00  1.786068816610285600e+00  1.804578428689764800e+00
460 6441 2.197531e-03 4.534375e+00  1.755762390886500500e+00  1.755762390886500500e+00  1.783569638035139800e+00  1.804675683379656700e+00
461 6455 2.170255e-03 4.542268e+00  1.755762390886500500e+00  1.765334067097330500e+00  1.785306398731780800e+00  1.805248137047764200e+00
462 6469 2.151219e-03 4.545555e+00  1.755762390886500500e+00  1.764403463627213200e+00  1.777852847559214600e+00  1.796763992216439100e+00
463 6483 2.099734e-03 4.545539e+00  1.755762390886500500e+00  1.766609032003812100e+00  1.778210619099599200e+00  1.793581841182164200e+00
464 6497 2.066902e-03 4.547657e+00  1.755762390886500500e+00  1.763971908905353400e+00  1.779833596597256500e+00  1.796417033596404700e+00
465 6511 1.998508e-03 4.548750e+00  1.755762390886500500e+00  1.758193993816797000e+00  1.779692241236400200e+00  1.799703469983758600e+00
466 6525 1.947498e-03 4.554329e+00  1.755762390886500500e+00  1.761897238304778200e+00  1.781016130365471900e+00  1.814908087149390300e+00
467 6539 1.927072e-03 4.566281e+00  1.755762390886500500e+00  1.765343226311584500e+00  1.773118449188837000e+00  1.792770535249175800e+00
468 6553 1.931113e-03 4.588340e+00  1.755762390886500500e+00  1.769789868015174700e+00  1.776177960377023400e+00  1.808340594021155200e+00
469 6567 1.925305e-03 4.614044e+00  1.755762390886500500e+00  1.767564533062893700e+00  1.779945264575235600e+00  1.791175108142592800e+00
470 6581 1.946287e-03 4.632645e+00  1.755762390886500500e+00  1.762416663266538800e+00  1.777165157741151800e+00  1.807210526542361500e+00
471 6595 1.906263e-03 4.648661e+00  1.755762390886500500e+00  1.767926999731901100e+00  1.778676145500007100e+00  1.796419760042811600e+00
472 6609 1.838706e-03 4.670448e+00  1.755762390886500500e+00  1.761919836983339500e+00  1.775059867616047200e+00  1.798434875413470700e+00
473 6623 1.797954e-03 4.684731e+00  1.755762390886500500e+00  1.764972611338097200e+00  1.776121951491923800e+00  1.796741874727280100e+00
474 6637 1.805339e-03 4.698125e+00  1.755762390886500500e+00  1.760957184094136000e+00  1.770400257461223600e+00  1.780035640051296000e+00
475 6651 1.799075e-03 4.716616e+00  1.755762390886500500e+00  1.760814278342438300e+00  1.776128405519362900e+00  1.790389986532515200e+00
476 6665 1.785178e-03 4.732473e+00  1.755762390886500500e+00  1.760688217465765400e+00  1.771919862690191700e+00  1.792445977686030400e+00
477 6679 1.760288e-03 4.749113e+00  1.755762390886500500e+00  1.762684365992606600e+00  1.772064254340218300e+00  1.805160551693896400e+00
478 6693 1.704682e-03 4.765706e+00  1.755762390886500500e+00  1.762646383407623600e+00  1.769943561864963500e+00  1.793708466661858600e+00
479 6707 1.662209e-03 4.784878e+00  1.755762390886500500e+00  1.757053234508348700e+00  1.769332413141845500e+00  1.789651880764865100e+00
480 6721 1.676091e-03 4.802384e+00  1.755762390886500500e+00  1.758813877850921700e+00  1.768828025331768300e+00  1.781632720840053300e+00
481 6735 1.676517e-03 4.811687e+00  1.755762390886500500e+00  1.765281086888900400e+00  1.774207848067047300e+00  1.784587451596866300e+00
482 6749 1.655081e-03 4.834085e+00  1.755762390886500500e+00  1.760293367997118700e+00  1.777150284133904900e+00  1.787915811749869700e+00
483 6763 1.639202e-03 4.848028e+00  1.755762390886500500e+00  1.757561850389218700e+00  1.771444329310800200e+00  1.789919645361127700e+00
484 6777 1.584454e-03 4.875908e+00  1.755762390886500500e+00  1.758526184532846100e+00  1.772136293371686700e+00  1.786165035384442700e+00
485 6791 1.555507e-03 4.919571e+00  1.755762390886500500e+00  1.759545436160794100e+00  1.773159120454980400e+00  1.789478713879671300e+00
486 6805 1.518675e-03 4.940954e+00  1.755762390886500500e+00  1.761512885966361800e+00  1.769520007334958000e+00  1.788872691734170800e+00
487 6819 1.518520e-03 4.961609e+00  1.755762390886500500e+00  1.761663296043674700e+00  1.769262908824711400e+00  1.781733707249511900e+00
488 6833 1.521361e-03 4.995074e+00  1.755762390886500500e+00  1.757609277209925700e+00  1.771580486857098600e+00  1.785638522240859900e+00
489 6847 1.541746e-03 5.021084e+00  1.755762390886500500e+00  1.761872852835540100e+00  1.770571873347599000e+00  1.782697887840947000e+00
490 6861 1.522047e-03 5.063385e+00  1.755762390886500500e+00  1.756312626657724500e+00  1.766222554855305200e+00  1.777226507468199400e+00
491 6875 1.507276e-03 5.105874e+00  1.755762390886500500e+00  1.756699419194762000e+00  1.765266754164199100e+00  1.780116170969946200e+00
492 6889 1.479279e-03 5.151825e+00  1.755762390886500500e+00  1.758445275714821200e+00  1.769878456468248200e+00  1.776595689863633700e+00
493 6903 1.454745e-03 5.203342e+00  1.755762390886500500e+00  1.757220223207400300e+00  1.767620598745218700e+00  1.787097409987972800e+00
494 6917 1.428656e-03 5.238716e+00  1.755762390886500500e+00  1.758271123920883200e+00  1.768242198260660400e+00  1.780839147030285600e+00
495 6931 1.448533e-03 5.251900e+00  1.755762390886500500e+00  1.763642074093715800e+00  1.769084590337285600e+00  1.782287385808444000e+00
496 6945 1.420039e-03 5.275750e+00  1.755762390886500500e+00  1.759370847021564300e+00  1.768569086188716400e+00  1.784186577775700700e+00
497 6959 1.409258e-03 5.286344e+00  1.755762390886500500e+00  1.759050618520874500e+00  1.764573210964199600e+00  1.776803739838454600e+00
498 6973 1.364743e-03 5.289882e+00  1.755762390886500500e+00  1.759178110275733100e+00  1.766330529923151100e+00  1.777859434467670100e+00
499 6987 1.309543e-03 5.301328e+00  1.755762390886500500e+00  1.759961269457809700e+00  1.769106534888995600e+00  1.779037315908797100e+00
500 7001 1.268250e-03 5.308601e+00  1.755762390886500500e+00  1.758094910804423500e+00  1.765126402924536400e+00  1.789874749159131800e+00
